-14.775000 -2.147005 0.000000
-14.804710 -1.154810 0.992640
-14.836060 -0.089089 2.058822
-14.872410 0.968263 3.116798
-14.906490 2.001352 4.150449
-14.941660 3.074677 5.224350
-14.974820 4.102924 6.253132
-15.019470 5.195601 7.346721
-15.059160 6.237345 8.389221
-15.099090 7.339497 9.492096
-15.130710 8.479468 10.632505
-15.149580 9.496985 11.650197
-15.183380 10.575980 12.729721
-15.215890 11.640180 13.794417
-15.247140 12.841860 14.996504
-15.265480 13.919470 16.074270
-15.280100 15.054920 17.209814
-15.289520 16.244970 18.399902
-15.294880 17.477221 19.632164
-15.290480 18.727551 20.882502
-15.286310 19.747009 21.901968
-15.283160 20.763611 22.918575
-15.283640 21.765181 23.920145
-15.285690 22.985010 25.139977
-15.293490 24.163910 26.318903
-15.303210 25.301350 27.456385
-15.309370 26.453440 28.608492
-15.315390 27.455589 29.610659
-15.311960 28.512341 30.667416
-15.308440 29.559271 31.714352
-15.296560 30.581770 32.736919
-15.279240 31.815920 33.971191
-15.264810 33.003010 35.158367
-15.256000 34.096161 36.251553
-15.249580 35.247490 37.402901
-15.242890 36.324440 38.479870
-15.207770 37.348888 39.504921
-15.195460 38.413601 40.569706
-15.198800 39.421501 41.577610
-15.208680 40.482800 42.638954
-15.208680 41.537750 43.693905
-15.197090 42.637218 44.793434
-15.169320 43.638210 45.794811
-15.111640 44.664619 46.822842
-14.974860 45.675159 47.842598
-14.748470 46.780991 48.971363
-14.423990 47.806339 50.046829
-13.997760 48.748138 51.080589
-13.408420 49.688511 52.190372
-12.718970 50.449341 53.217117
-11.927220 51.073341 54.225208
-10.945500 51.587120 55.333244
-9.923736 51.919552 56.407726
-8.877391 52.111431 57.471519
-7.851260 52.220070 58.503384
-6.745999 52.286400 59.610634
-5.709622 52.332180 60.648022
-4.668689 52.371399 61.689693
-3.603387 52.392540 62.755203
-2.587999 52.392540 63.770592
-1.539623 52.392540 64.818970
-0.539425 52.392540 65.819168
0.534297 52.392540 66.892891
1.667709 52.392540 68.026306
2.824922 52.392540 69.183517
4.066975 52.392540 70.425568
5.300898 52.392540 71.659492
6.544008 52.392540 72.902603
7.805118 52.392540 74.163712
9.088777 52.392540 75.447372
10.391690 52.392540 76.750290
11.709260 52.392540 78.067856
13.038000 52.392540 79.396599
14.042550 52.392540 80.401146
15.053690 52.392540 81.412285
16.056890 52.392540 82.415482
17.061720 52.392540 83.420311
18.073139 52.392540 84.431732
19.087540 52.392540 85.446136
20.102390 52.392540 86.460983
21.125200 52.392540 87.483795
22.155121 52.392540 88.513718
23.185890 52.392540 89.544487
24.222210 52.392540 90.580811
25.265511 52.392540 91.624115
26.309231 52.392540 92.667831
27.355761 52.392540 93.714363
28.407631 52.392540 94.766235
29.468630 52.392540 95.827232
30.539120 52.392540 96.897720
31.614510 52.392540 97.973114
32.691750 52.392540 99.050354
33.257881 52.392540 99.616486
34.319260 52.392540 100.677864
35.394520 52.392540 101.753128
36.456928 52.392540 102.815536
37.534290 52.392540 103.892899
38.624111 52.392540 104.982719
39.676250 52.392540 106.034859
40.763641 52.392540 107.122253
41.810249 52.392540 108.168861
42.855549 52.392540 109.214157
43.920940 52.392540 110.279549
44.978901 52.392540 111.337509
46.043129 52.392540 112.401733
47.099140 52.392540 113.457748
48.160809 52.392540 114.519417
49.213379 52.392540 115.571991
50.271461 52.392540 116.630074
51.274399 52.392540 117.633011
52.319172 52.392540 118.677780
53.365719 52.392540 119.724327
54.394901 52.392540 120.753510
55.440102 52.392540 121.798706
56.484230 52.392540 122.842834
57.535950 52.392540 123.894554
58.581329 52.392540 124.939934
59.613789 52.392540 125.972397
60.637390 52.392540 126.996002
61.671650 52.392540 128.030258
62.715931 52.392540 129.074539
63.769650 52.392540 130.128265
65.098877 52.392540 131.457489
66.132233 52.392540 132.490845
67.203278 52.392540 133.561890
68.244003 52.392540 134.602615
69.350113 52.392540 135.708725
70.345947 52.392540 136.704559
71.389214 52.392540 137.747833
72.406143 52.392540 138.764771
73.456863 52.392540 139.815491
74.488808 52.392540 140.847443
75.526253 52.392540 141.884888
76.527710 52.392540 142.886353
77.553284 52.392540 143.911926
78.581703 52.392540 144.940338
79.889091 52.392540 146.247726
80.931473 52.392540 147.290100
81.957169 52.392540 148.315796
82.971870 52.392540 149.330505
83.996353 52.392540 150.354980
85.002167 52.392540 151.360794
86.001640 52.392540 152.360260
87.003471 52.392540 153.362091
88.315491 52.392540 154.674103
89.580208 52.392540 155.938812
90.828163 52.392540 157.186768
92.084633 52.392540 158.443237
93.301041 52.392540 159.659637
94.507118 52.392540 160.865723
95.684464 52.392540 162.043060
96.852058 52.392540 163.210663
98.000587 52.392540 164.359192
99.141747 52.392540 165.500351
100.259697 52.392540 166.618301
101.394600 52.392540 167.753204
102.503700 52.392540 168.862305
103.582100 52.392540 169.940704
104.603897 52.392540 170.962494
105.825203 52.392540 172.183807
106.956902 52.392540 173.315506
108.002899 52.392540 174.361511
109.046898 52.392540 175.405518
110.127197 51.983521 176.560654
111.194397 51.638779 177.682159
112.176903 51.057911 178.823532
113.080704 50.588459 179.841980
114.001900 49.909420 180.986404
114.743401 49.172451 182.031845
115.134399 48.222099 183.059494
115.664902 47.376740 184.057526
116.186401 46.424339 185.143356
116.556702 45.495281 186.143494
116.867798 44.396149 187.285797
117.154800 43.188721 188.526871
117.364197 42.178059 189.558990
117.544197 41.123249 190.629044
117.697502 40.013069 191.749756
117.821098 38.833012 192.936264
117.916702 37.642029 194.131073
117.992401 36.458931 195.316589
118.071297 35.283249 196.494919
118.135300 34.105030 197.674881
118.176498 32.937302 198.843338
118.210503 31.743380 200.037750
118.225197 30.521160 201.260056
118.227798 29.274420 202.506805
118.224602 28.166611 203.614624
118.228996 27.024260 204.756989
118.231697 26.024260 205.756989
118.236099 25.005699 206.775558
118.224197 23.989330 207.791992
118.207298 22.965019 208.816437
118.191101 21.931730 209.849854
118.178902 20.892790 210.888870
118.181297 19.854481 211.927185
118.179100 18.805050 212.976624
118.182602 17.400061 214.381622
118.189003 16.351509 215.430191
118.192596 15.291530 216.490173
118.194901 14.216460 217.565247
118.210999 13.128230 218.653595
118.226303 12.026760 219.755173
118.235703 10.912260 220.869705
118.240402 9.791907 221.990067
118.242599 8.659616 223.122360
118.237801 7.494793 224.287201
118.230003 6.309423 225.472595
118.220497 5.099683 226.682373
118.209297 3.875888 227.906219
118.192596 2.643998 229.138229
118.195999 1.416290 230.365936
118.194901 0.178385 231.603836
118.191200 -1.066704 232.848938
118.189499 -2.328793 234.111023
118.182602 -3.602982 235.385223
118.176300 -4.884606 236.666870
118.162804 -6.170704 237.953033
118.141197 -7.452353 239.234863
118.123299 -8.729609 240.512238
118.101196 -10.002610 241.785431
118.091599 -11.271580 243.054443
118.077599 -12.535420 244.318359
118.063004 -13.784940 245.567963
118.054398 -15.011070 246.794128
118.044502 -16.214600 247.997696
118.036400 -17.397909 249.181030
118.025803 -18.554930 250.338104
118.001503 -19.684349 251.467789
117.984100 -20.783720 252.567291
117.964600 -21.851650 253.635406
117.951599 -22.890150 254.673981
117.939003 -23.896280 255.680191
117.911697 -25.186899 256.971100
117.863701 -26.428419 258.213562
117.897697 -27.606400 259.392029
117.880600 -28.694229 260.479980
117.875099 -29.757641 261.543396
117.742203 -30.839491 262.633392
117.584900 -31.905560 263.710999
117.323097 -32.897709 264.737122
117.062698 -33.930828 265.802551
116.753304 -34.933689 266.852051
116.444901 -35.926281 267.891449
116.096199 -36.912411 268.937408
115.726799 -37.851299 269.946350
115.268898 -39.007172 271.189606
114.805199 -40.146591 272.419769
114.340599 -41.280869 273.645508
113.955597 -42.217899 274.658539
113.537697 -43.168999 275.697388
113.111900 -44.142521 276.759949
112.671600 -45.146030 277.855804
112.225098 -46.167229 278.970337
111.698303 -47.171242 280.104156
111.192902 -48.214619 281.263489
110.606796 -49.260399 282.462311
109.996803 -50.298370 283.666260
109.337196 -51.346359 284.904541
108.631798 -52.391811 286.165710
107.897598 -53.434341 287.440826
107.143799 -54.466209 288.718689
106.387398 -55.466320 289.972626
105.622398 -56.414761 291.191132
104.860001 -57.321960 292.376160
104.093002 -58.188950 293.533722
103.315697 -59.001740 294.658356
102.523102 -59.760719 295.755737
101.720596 -60.469410 296.826385
100.914902 -61.140690 297.875092
100.116798 -61.754082 298.881683
99.099319 -62.469730 300.125641
98.079933 -63.125309 301.337646
97.012032 -63.681671 302.541779
95.880547 -64.192436 303.783203
94.921066 -64.520721 304.797302
93.946579 -64.813042 305.814697
92.957199 -65.046333 306.831207
91.928673 -65.234848 307.876862
90.825592 -65.333168 308.984314
89.652023 -65.417778 310.160919
88.441307 -65.462471 311.372467
87.151741 -65.451843 312.662079
85.818268 -65.430634 313.995728
84.431648 -65.411362 315.382477
83.387077 -65.400887 316.427094
82.274811 -65.324608 317.541962
81.171501 -65.275917 318.646332
80.048126 -65.243042 319.770203
78.925926 -65.225647 320.892548
77.775124 -65.228462 322.043365
76.656197 -65.232773 323.162292
75.526512 -65.208717 324.292236
74.460136 -65.284492 325.361298
73.408791 -65.295883 326.412720
72.118820 -65.312027 327.702789
70.895920 -65.358719 328.926575
69.723610 -65.395981 330.099487
68.506706 -65.406151 331.316437
67.253304 -65.436821 332.570221
65.929588 -65.447411 333.893982
64.856201 -65.470940 334.967621
63.783131 -65.471336 336.040680
62.679390 -65.442284 337.144806
61.526760 -65.461853 338.297607
60.331261 -65.447937 339.493195
59.127048 -65.463272 340.697510
57.910881 -65.433922 341.914032
56.675690 -65.400978 343.149658
55.448830 -65.383179 344.376648
54.191471 -65.346680 345.634521
52.933418 -65.356667 346.892609
51.607990 -65.323898 348.218445
50.285160 -65.302094 349.541443
48.935501 -65.283867 350.891235
47.557610 -65.233391 352.270050
46.167339 -65.242264 353.660339
44.739208 -65.183891 355.089661
43.352871 -65.212158 356.476288
41.915852 -65.178307 357.913696
40.522812 -65.118309 359.308014
39.141510 -65.126213 360.689331
37.756950 -65.135742 362.073914
36.358730 -65.123199 363.472198
34.990810 -65.138397 364.840210
33.614861 -65.153572 366.216248
32.258640 -65.201134 367.573303
30.869120 -65.212753 368.962860
29.462990 -65.212349 370.368988
28.085690 -65.160294 371.747284
26.679270 -65.174423 373.153778
25.230780 -65.219772 374.602966
23.800619 -65.222794 376.033142
22.331720 -65.268593 377.502747
20.895290 -65.238670 378.939484
19.437889 -65.249680 380.396912
18.433781 -65.252472 381.401031
16.989441 -65.234657 382.845490
15.542680 -65.208710 384.292480
14.081790 -65.200150 385.753387
12.672170 -65.234322 387.163422
11.272020 -65.198669 388.564026
9.857766 -65.228783 389.978607
8.510351 -65.252563 391.326233
7.205397 -65.256393 392.631195
5.939929 -65.265137 393.896698
4.756386 -65.278450 395.080322
3.620740 -65.247078 396.216400
2.567226 -65.269676 397.270142
1.484014 -65.262497 398.353363
0.185067 -65.314713 399.653351
-1.003692 -65.309128 400.842133
-2.055660 -65.327667 401.894257
-3.068639 -65.339737 402.907318
-4.085293 -65.322357 403.924133
-5.277446 -65.341507 405.116455
-6.403794 -65.343788 406.242798
-7.544288 -65.365570 407.383514
-8.547388 -65.384171 408.386780
-9.659447 -65.418442 409.499359
-10.758340 -65.437477 410.598419
-11.811540 -65.344887 411.655670
-12.790580 -65.001778 412.693085
-13.630010 -64.427963 413.709900
-14.320050 -63.613800 414.777161
-14.761980 -62.699821 415.792389
-15.080640 -61.642761 416.896423
-15.202700 -60.607498 417.938843
-15.251160 -59.564411 418.983063
-15.238180 -58.845230 419.702362
-15.238580 -58.021450 420.526154
-15.279340 -56.930420 421.617950
-15.319020 -55.911510 422.637634
-15.360780 -54.794090 423.755829
-15.389250 -53.669609 424.880676
-15.411680 -52.654869 425.895660
-15.427380 -51.552391 426.998260
-15.437700 -50.372829 428.177856
-15.442120 -49.129780 429.420929
-15.456090 -47.837719 430.713074
-15.463970 -46.831669 431.719147
-15.466930 -45.443699 433.107117
-15.450840 -44.370239 434.180695
-15.435820 -43.276741 435.274292
-15.419460 -42.170448 436.380707
-15.415160 -41.064602 437.486572
-15.408120 -39.941490 438.609711
-15.405870 -38.810230 439.740967
-15.399470 -37.647751 440.903473
-15.390760 -36.449940 442.101318
-15.386890 -35.236778 443.314484
-15.379340 -34.007061 444.544220
-15.373570 -32.766670 445.784637
-15.365500 -31.522039 447.029297
-15.357490 -30.280840 448.270508
-15.345760 -29.043949 449.507446
-15.335450 -27.813141 450.738312
-15.324440 -26.591190 451.960327
-15.301710 -25.376949 453.174774
-15.276670 -24.170630 454.381348
-15.250820 -22.972490 455.579773
-15.241280 -21.778521 456.773773
-15.240650 -20.586411 457.965881
-15.249370 -19.406370 459.145966
-15.254740 -18.238770 460.313568
-15.237580 -17.091930 461.460541
-15.223100 -15.955260 462.597290
-15.209160 -14.831470 463.721161
-15.204640 -13.716210 464.836426
-15.203500 -12.616870 465.935760
-15.204520 -11.537680 467.014954
-15.202180 -10.480370 468.072266
-15.191870 -9.449237 469.103455
-15.181990 -8.437115 470.115631
-15.184080 -7.121635 471.431122
-15.211880 -5.853498 472.699554
-15.240460 -4.650043 473.903351
-15.238910 -3.525978 475.027405
-15.238910 -3.525978 475.027405
